11100000000001001111000000001111
11100010001000000010000000000101
11100010001000000011000000001100
11100010010000110111000000001001
11100000001100000111010000000010
11100000000000000011010100000100
11100000010000100101010100000100
11100000001010111000100000000111
00001010000000000000000000001100
11100000001010011111000000000100
10101010100000000000000000000000
11100010001000000001010000000000
11100000001010111111000000000010
10110010100001010111000000000001
11100000001000110111000000000010
11100101001110000111010001010100
11100101001100000010000001100000
11100000010011111111000000000000
11100010001000000010000000001110
11101010000000000000000000000001
11100010001000000010000000001101
11100010001000000010000000001010
11100101000000000010000001100100
